{"autoClear":true,"clearColor":[0,0,0],"ambientColor":[0,0,0],"gravity":[0,-9.81,0],
"module":"",
"onLoad":"",
"materials":[{"name":"Assassin.Material","id":"Assassin.Material","ambient":[0.8,0.8,0.8],"diffuse":[0.64,0.64,0.64],"specular":[0.5,0.5,0.5],"emissive":[0,0,0],"specularPower":50,"alpha":1,"backFaceCulling":true},{"name":"Assassin.Material.001","id":"Assassin.Material.001","ambient":[1,1,1],"diffuse":[0.8,0.8,0.8],"specular":[0.5,0.5,0.5],"emissive":[0,0,0],"specularPower":50,"alpha":1,"backFaceCulling":true},{"name":"Assassin.Material.002","id":"Assassin.Material.002","ambient":[1,1,1],"diffuse":[0.8,0.8,0.8],"specular":[0.5,0.5,0.5],"emissive":[0,0,0],"specularPower":50,"alpha":1,"backFaceCulling":true},{"name":"Assassin.Material.003","id":"Assassin.Material.003","ambient":[0.6383,0.4205,0.3123],"diffuse":[0.5106,0.3364,0.2498],"specular":[0.5,0.5,0.5],"emissive":[0,0,0],"specularPower":50,"alpha":1,"backFaceCulling":true},{"name":"Assassin.Material.004","id":"Assassin.Material.004","ambient":[0.1473,0.0616,0.0277],"diffuse":[0.1179,0.0493,0.0222],"specular":[0.5,0.5,0.5],"emissive":[0,0,0],"specularPower":50,"alpha":1,"backFaceCulling":true},{"name":"Assassin.Material.005","id":"Assassin.Material.005","ambient":[0.8,0.0025,0.0122],"diffuse":[0.64,0.002,0.0097],"specular":[0.5,0.5,0.5],"emissive":[0,0,0],"specularPower":50,"alpha":1,"backFaceCulling":true},{"name":"Assassin.Material.006","id":"Assassin.Material.006","ambient":[0.2462,0.0033,0.0045],"diffuse":[0.197,0.0026,0.0036],"specular":[0.5,0.5,0.5],"emissive":[0,0,0],"specularPower":50,"alpha":1,"backFaceCulling":true},{"name":"Assassin.Material.007","id":"Assassin.Material.007","ambient":[1,1,1],"diffuse":[0.8,0.8,0.8],"specular":[0.5,0.5,0.5],"emissive":[0,0,0],"specularPower":50,"alpha":1,"backFaceCulling":true},{"name":"Assassin.Material.008","id":"Assassin.Material.008","ambient":[0.001,0.001,0.001],"diffuse":[0.0008,0.0008,0.0008],"specular":[0.5,0.5,0.5],"emissive":[0,0,0],"specularPower":50,"alpha":1,"backFaceCulling":true}],
"multiMaterials":[{"name":"Assassin.Multimaterial#0","id":"Assassin.Multimaterial#0","materials":["Assassin.Material","Assassin.Material.002","Assassin.Material.003","Assassin.Material.004","Assassin.Material.005","Assassin.Material.006","Assassin.Material.007","Assassin.Material.008","Assassin.Material.001"]}],
"skeletons":[{"name":"Armature","id":0,"bones":[
{"name":"Pelvis","index":0,"matrix":[1,0,0,0,0,1,0,0,0,0,-1,0,-0.0047,0.4094,0.0132,1],"parentBoneIndex":-1,"animation":{"dataType":3,"framePerSecond":24,"keys":[{"frame":0,"values":[1,0,0,0,0,1,0,0,0,0,-1,0,-0.0047,0.4094,0.0132,1]},{"frame":80,"values":[1,0,0,0,0,1,0,0,0,0,-1,0,-0.0047,0.4094,0.0132,1]}],"loopBehavior":1,"name":"anim","property":"_matrix"}},
{"name":"Bone.001","index":1,"matrix":[1,0,0,0,0,1,0,0,0,0,1,0,0,0.1994,0,1],"parentBoneIndex":0,"animation":{"dataType":3,"framePerSecond":24,"keys":[{"frame":0,"values":[1,0,0,0,0,1,0,0,0,0,1,0,0,0.1994,0,1]},{"frame":80,"values":[1,0,0,0,0,1,0,0,0,0,1,0,0,0.1994,0,1]}],"loopBehavior":1,"name":"anim","property":"_matrix"}},
{"name":"Bone.002","index":2,"matrix":[1,0,0,0,0,1,0,0,0,0,1,0,0,0.2155,0,1],"parentBoneIndex":1,"animation":{"dataType":3,"framePerSecond":24,"keys":[{"frame":0,"values":[1,0,0,0,0,1,0,0,0,0,1,0,0,0.2155,0,1]},{"frame":80,"values":[1,0,0,0,0,1,0,0,0,0,1,0,0,0.2155,0,1]}],"loopBehavior":1,"name":"anim","property":"_matrix"}},
{"name":"Chest.L","index":3,"matrix":[0,0,-1,0,-0.8913,-0.4535,0,0,-0.4535,0.8913,0,0,0,0.3048,0,1],"parentBoneIndex":2,"animation":{"dataType":3,"framePerSecond":24,"keys":[{"frame":0,"values":[0,0,-1,0,-0.8913,-0.4535,0,0,-0.4535,0.8913,0,0,0,0.3048,0,1]},{"frame":80,"values":[0,0,-1,0,-0.8913,-0.4535,0,0,-0.4535,0.8913,0,0,0,0.3048,0,1]}],"loopBehavior":1,"name":"anim","property":"_matrix"}},
{"name":"Shoulder.L","index":4,"matrix":[0.4621,0.5038,-0.7298,0,-0.7367,0.6762,0.0003,0,0.4936,0.5376,0.6836,0,0,0.3361,0,1],"parentBoneIndex":3,"animation":{"dataType":3,"framePerSecond":24,"keys":[{"frame":0,"values":[0.4621,0.5038,-0.7298,0,-0.7367,0.6762,0.0003,0,0.4936,0.5376,0.6836,0,0,0.3361,0,1]},{"frame":1,"values":[0.4637,0.5034,-0.7291,0,-0.7362,0.6768,-0.0009,0,0.493,0.5372,0.6844,0,0,0.3361,0,1]},{"frame":2,"values":[0.4691,0.5021,-0.7265,0,-0.7343,0.6788,-0.0049,0,0.4907,0.5358,0.6871,0,0,0.3361,0,1]},{"frame":3,"values":[0.4791,0.4997,-0.7217,0,-0.7307,0.6826,-0.0124,0,0.4865,0.5332,0.6921,0,0,0.3361,0,1]},{"frame":4,"values":[0.4943,0.4958,-0.714,0,-0.7249,0.6884,-0.0238,0,0.4798,0.5294,0.6997,0,0,0.3361,0,1]},{"frame":5,"values":[0.5152,0.4902,-0.7031,0,-0.7165,0.6964,-0.0395,0,0.4703,0.5241,0.71,0,0,0.3361,0,1]},{"frame":6,"values":[0.5414,0.4827,-0.6884,0,-0.7052,0.7065,-0.0593,0,0.4577,0.5176,0.7229,0,0,0.3361,0,1]},{"frame":7,"values":[0.5722,0.4732,-0.6698,0,-0.6908,0.7184,-0.0826,0,0.442,0.5099,0.738,0,0,0.3361,0,1]},{"frame":8,"values":[0.6064,0.4618,-0.6473,0,-0.6731,0.7316,-0.1086,0,0.4234,0.5015,0.7544,0,0,0.3361,0,1]},{"frame":9,"values":[0.6425,0.4486,-0.6213,0,-0.6523,0.7456,-0.1362,0,0.4021,0.4928,0.7717,0,0,0.3361,0,1]},{"frame":10,"values":[0.6794,0.4336,-0.5919,0,-0.6286,0.7601,-0.1647,0,0.3785,0.4839,0.789,0,0,0.3361,0,1]},{"frame":11,"values":[0.7181,0.4163,-0.5578,0,-0.6007,0.7754,-0.1947,0,0.3514,0.4749,0.8068,0,0,0.3361,0,1]},{"frame":12,"values":[0.7598,0.3952,-0.5163,0,-0.5665,0.7921,-0.2275,0,0.319,0.4653,0.8257,0,0,0.3361,0,1]},{"frame":13,"values":[0.8037,0.3697,-0.4663,0,-0.5247,0.8098,-0.2624,0,0.2806,0.4555,0.8448,0,0,0.3361,0,1]},{"frame":14,"values":[0.848,0.3395,-0.407,0,-0.4747,0.8281,-0.2983,0,0.2357,0.4461,0.8634,0,0,0.3361,0,1]},{"frame":15,"values":[0.8902,0.3048,-0.3386,0,-0.4164,0.8459,-0.3333,0,0.1849,0.4377,0.8799,0,0,0.3361,0,1]},{"frame":16,"values":[0.9274,0.2661,-0.2627,0,-0.3509,0.8622,-0.3653,0,0.1293,0.431,0.893,0,0,0.3361,0,1]},{"frame":17,"values":[0.9573,0.225,-0.1817,0,-0.2804,0.876,-0.3925,0,0.0709,0.4266,0.9016,0,0,0.3361,0,1]},{"frame":18,"values":[0.9782,0.1827,-0.0987,0,-0.2073,0.8866,-0.4134,0,0.012,0.4248,0.9052,0,0,0.3361,0,1]},{"frame":19,"values":[0.9899,0.1408,-0.0164,0,-0.1343,0.8939,-0.4277,0,-0.0456,0.4256,0.9038,0,0,0.3361,0,1]},{"frame":20,"values":[0.9929,0.1004,0.0631,0,-0.0631,0.8979,-0.4356,0,-0.1004,0.4285,0.8979,0,0,0.3361,0,1]},{"frame":21,"values":[0.988,0.0601,0.1422,0,0.0083,0.899,-0.4378,0,-0.1542,0.4337,0.8878,0,0,0.3361,0,1]},{"frame":22,"values":[0.9746,0.0189,0.2232,0,0.082,0.8972,-0.434,0,-0.2085,0.4413,0.8728,0,0,0.3361,0,1]},{"frame":23,"values":[0.9523,-0.0223,0.3042,0,0.1563,0.8921,-0.424,0,-0.2619,0.4514,0.853,0,0,0.3361,0,1]},{"frame":24,"values":[0.9217,-0.0623,0.3829,0,0.2292,0.8838,-0.4078,0,-0.313,0.4637,0.8289,0,0,0.3361,0,1]},{"frame":25,"values":[0.884,-0.0999,0.4567,0,0.2982,0.8728,-0.3863,0,-0.3601,0.4777,0.8014,0,0,0.3361,0,1]},{"frame":26,"values":[0.8414,-0.1339,0.5236,0,0.3613,0.8598,-0.3607,0,-0.4019,0.4927,0.7718,0,0,0.3361,0,1]},{"frame":27,"values":[0.7964,-0.1637,0.5822,0,0.4172,0.8457,-0.3329,0,-0.4379,0.508,0.7418,0,0,0.3361,0,1]},{"frame":28,"values":[0.7512,-0.1893,0.6324,0,0.4655,0.8311,-0.3042,0,-0.468,0.5229,0.7124,0,0,0.3361,0,1]},{"frame":29,"values":[0.7073,-0.2108,0.6748,0,0.5068,0.8167,-0.276,0,-0.4929,0.5371,0.6845,0,0,0.3361,0,1]},{"frame":30,"values":[0.6655,-0.2289,0.7104,0,0.5417,0.8029,-0.2488,0,-0.5134,0.5504,0.6584,0,0,0.3361,0,1]},{"frame":31,"values":[0.6244,-0.2449,0.7417,0,0.5729,0.7891,-0.2217,0,-0.531,0.5633,0.633,0,0,0.3361,0,1]},{"frame":32,"values":[0.5825,-0.2595,0.7703,0,0.6015,0.775,-0.1938,0,-0.5467,0.5763,0.6075,0,0,0.3361,0,1]},{"frame":33,"values":[0.5414,-0.2724,0.7954,0,0.6271,0.761,-0.1663,0,-0.56,0.5888,0.5828,0,0,0.3361,0,1]},{"frame":34,"values":[0.5027,-0.2833,0.8167,0,0.649,0.7477,-0.1402,0,-0.571,0.6005,0.5598,0,0,0.3361,0,1]},{"frame":35,"values":[0.4684,-0.2921,0.8338,0,0.6669,0.7359,-0.1169,0,-0.5795,0.6108,0.5395,0,0,0.3361,0,1]},{"frame":36,"values":[0.4399,-0.2988,0.8469,0,0.6807,0.726,-0.0974,0,-0.5858,0.6194,0.5228,0,0,0.3361,0,1]},{"frame":37,"values":[0.418,-0.3035,0.8562,0,0.6907,0.7185,-0.0825,0,-0.5901,0.6259,0.51,0,0,0.3361,0,1]},{"frame":38,"values":[0.4029,-0.3066,0.8624,0,0.6972,0.7132,-0.0722,0,-0.5929,0.6304,0.5011,0,0,0.3361,0,1]},{"frame":39,"values":[0.394,-0.3082,0.8659,0,0.701,0.7101,-0.0662,0,-0.5944,0.6331,0.4958,0,0,0.3361,0,1]},{"frame":40,"values":[0.3904,-0.3088,0.8673,0,0.7025,0.7088,-0.0639,0,-0.595,0.6342,0.4936,0,0,0.3361,0,1]},{"frame":41,"values":[0.3888,-0.3088,0.868,0,0.7031,0.7083,-0.063,0,-0.5954,0.6348,0.4925,0,0,0.3361,0,1]},{"frame":42,"values":[0.3867,-0.3089,0.869,0,0.7039,0.7076,-0.0617,0,-0.5958,0.6355,0.491,0,0,0.3361,0,1]},{"frame":43,"values":[0.3849,-0.3088,0.8698,0,0.7045,0.7071,-0.0607,0,-0.5962,0.6362,0.4897,0,0,0.3361,0,1]},{"frame":44,"values":[0.3848,-0.3084,0.87,0,0.7044,0.7072,-0.0609,0,-0.5964,0.6363,0.4893,0,0,0.3361,0,1]},{"frame":45,"values":[0.3879,-0.3074,0.8689,0,0.703,0.7084,-0.0632,0,-0.5961,0.6354,0.4909,0,0,0.3361,0,1]},{"frame":46,"values":[0.3957,-0.3057,0.866,0,0.6997,0.7111,-0.0687,0,-0.5949,0.6331,0.4953,0,0,0.3361,0,1]},{"frame":47,"values":[0.4093,-0.303,0.8606,0,0.6939,0.7159,-0.0779,0,-0.5925,0.629,0.5033,0,0,0.3361,0,1]},{"frame":48,"values":[0.4291,-0.2992,0.8523,0,0.6852,0.7227,-0.0912,0,-0.5886,0.6231,0.5151,0,0,0.3361,0,1]},{"frame":49,"values":[0.4548,-0.2941,0.8407,0,0.6733,0.7314,-0.1084,0,-0.583,0.6153,0.5306,0,0,0.3361,0,1]},{"frame":50,"values":[0.4857,-0.2875,0.8255,0,0.658,0.7419,-0.1288,0,-0.5754,0.6058,0.5495,0,0,0.3361,0,1]},{"frame":51,"values":[0.5222,-0.2788,0.8059,0,0.6386,0.7542,-0.1529,0,-0.5652,0.5945,0.5719,0,0,0.3361,0,1]},{"frame":52,"values":[0.565,-0.2671,0.7807,0,0.6135,0.7686,-0.181,0,-0.5517,0.5813,0.5981,0,0,0.3361,0,1]},{"frame":53,"values":[0.6137,-0.2517,0.7484,0,0.5817,0.785,-0.213,0,-0.5339,0.566,0.6281,0,0,0.3361,0,1]},{"frame":54,"values":[0.6675,-0.2318,0.7076,0,0.5418,0.8031,-0.2481,0,-0.5108,0.549,0.6616,0,0,0.3361,0,1]},{"frame":55,"values":[0.7251,-0.2066,0.6569,0,0.4927,0.8222,-0.2852,0,-0.4812,0.5304,0.6979,0,0,0.3361,0,1]},{"frame":56,"values":[0.7843,-0.1756,0.595,0,0.4332,0.8415,-0.3228,0,-0.444,0.5109,0.7361,0,0,0.3361,0,1]},{"frame":57,"values":[0.8423,-0.1382,0.521,0,0.363,0.86,-0.3586,0,-0.3985,0.4912,0.7746,0,0,0.3361,0,1]},{"frame":58,"values":[0.8954,-0.0946,0.435,0,0.2822,0.8764,-0.3903,0,-0.3443,0.4723,0.8114,0,0,0.3361,0,1]},{"frame":59,"values":[0.9399,-0.0453,0.3383,0,0.1923,0.8892,-0.4151,0,-0.2821,0.4553,0.8445,0,0,0.3361,0,1]},{"frame":60,"values":[0.9724,0.0084,0.2333,0,0.0956,0.8973,-0.4309,0,-0.213,0.4413,0.8717,0,0,0.3361,0,1]},{"frame":61,"values":[0.9902,0.0646,0.1236,0,-0.0043,0.9,-0.4359,0,-0.1394,0.4311,0.8915,0,0,0.3361,0,1]},{"frame":62,"values":[0.9925,0.1211,0.0135,0,-0.1036,0.8969,-0.4299,0,-0.0642,0.4253,0.9028,0,0,0.3361,0,1]},{"frame":63,"values":[0.98,0.1758,-0.093,0,-0.1987,0.8885,-0.4135,0,0.0099,0.4238,0.9057,0,0,0.3361,0,1]},{"frame":64,"values":[0.9547,0.2269,-0.1924,0,-0.2865,0.8757,-0.3886,0,0.0803,0.4261,0.9011,0,0,0.3361,0,1]},{"frame":65,"values":[0.9196,0.2731,-0.2824,0,-0.365,0.8597,-0.3574,0,0.1451,0.4317,0.8903,0,0,0.3361,0,1]},{"frame":66,"values":[0.8779,0.3138,-0.3616,0,-0.4335,0.8416,-0.3221,0,0.2032,0.4396,0.8749,0,0,0.3361,0,1]},{"frame":67,"values":[0.8328,0.3489,-0.4299,0,-0.4919,0.8226,-0.2852,0,0.2541,0.4489,0.8567,0,0,0.3361,0,1]},{"frame":68,"values":[0.7866,0.3786,-0.4878,0,-0.5408,0.8037,-0.2482,0,0.298,0.459,0.837,0,0,0.3361,0,1]},{"frame":69,"values":[0.7414,0.4035,-0.5362,0,-0.5812,0.7855,-0.2126,0,0.3354,0.4693,0.8169,0,0,0.3361,0,1]},{"frame":70,"values":[0.6986,0.424,-0.5763,0,-0.6143,0.7685,-0.1792,0,0.3669,0.4792,0.7973,0,0,0.3361,0,1]},{"frame":71,"values":[0.6569,0.4418,-0.611,0,-0.6425,0.7521,-0.147,0,0.3946,0.4891,0.7779,0,0,0.3361,0,1]},{"frame":72,"values":[0.6153,0.4577,-0.6418,0,-0.6674,0.7358,-0.1151,0,0.4196,0.4992,0.7582,0,0,0.3361,0,1]},{"frame":73,"values":[0.5756,0.4714,-0.6682,0,-0.6885,0.7203,-0.0849,0,0.4413,0.5089,0.7391,0,0,0.3361,0,1]},{"frame":74,"values":[0.5399,0.4826,-0.6896,0,-0.7054,0.7064,-0.058,0,0.4592,0.5178,0.7218,0,0,0.3361,0,1]},{"frame":75,"values":[0.5103,0.4911,-0.706,0,-0.7182,0.6949,-0.0357,0,0.473,0.5253,0.7073,0,0,0.3361,0,1]},{"frame":76,"values":[0.4878,0.4972,-0.7175,0,-0.7272,0.6862,-0.0189,0,0.4829,0.531,0.6963,0,0,0.3361,0,1]},{"frame":77,"values":[0.4728,0.5011,-0.7248,0,-0.7329,0.6803,-0.0077,0,0.4893,0.5348,0.6889,0,0,0.3361,0,1]},{"frame":78,"values":[0.4646,0.5032,-0.7287,0,-0.7359,0.6771,-0.0016,0,0.4926,0.5369,0.6849,0,0,0.3361,0,1]},{"frame":79,"values":[0.4621,0.5038,-0.7298,0,-0.7367,0.6762,0.0003,0,0.4936,0.5376,0.6836,0,0,0.3361,0,1]},{"frame":80,"values":[0.4621,0.5038,-0.7298,0,-0.7367,0.6762,0.0003,0,0.4936,0.5376,0.6836,0,0,0.3361,0,1]}],"loopBehavior":1,"name":"anim","property":"_matrix"}},
{"name":"Arm.L","index":5,"matrix":[1,0,0,0,0,0.9978,-0.0656,0,0,0.0656,0.9978,0,0,0.3345,0,1],"parentBoneIndex":4,"animation":{"dataType":3,"framePerSecond":24,"keys":[{"frame":0,"values":[1,0,0,0,0,0.9978,-0.0656,0,0,0.0656,0.9978,0,0,0.3345,0,1]},{"frame":1,"values":[1,0,0,0,0,0.9978,-0.0656,0,0,0.0656,0.9978,0,0,0.3345,0,1]},{"frame":2,"values":[1,0,0,0,0,0.9978,-0.0656,0,0,0.0656,0.9978,0,0,0.3345,0,1]},{"frame":3,"values":[1,0,0,0,0,0.9978,-0.0656,0,0,0.0656,0.9978,0,0,0.3345,0,1]},{"frame":4,"values":[1,0,0,0,0,0.9978,-0.0656,0,0,0.0656,0.9978,0,0,0.3345,0,1]},{"frame":5,"values":[1,0,0,0,0,0.9978,-0.0656,0,0,0.0656,0.9978,0,0,0.3345,0,1]},{"frame":6,"values":[1,0,0,0,0,0.9978,-0.0656,0,0,0.0656,0.9978,0,0,0.3345,0,1]},{"frame":7,"values":[1,0,0,0,0,0.9978,-0.0656,0,0,0.0656,0.9978,0,0,0.3345,0,1]},{"frame":8,"values":[1,0,0,0,0,0.9978,-0.0656,0,0,0.0656,0.9978,0,0,0.3345,0,1]},{"frame":9,"values":[1,0,0,0,0,0.9978,-0.0656,0,0,0.0656,0.9978,0,0,0.3345,0,1]},{"frame":10,"values":[1,0,0,0,0,0.9978,-0.0656,0,0,0.0656,0.9978,0,0,0.3345,0,1]},{"frame":11,"values":[1,0,0,0,0,0.9978,-0.0656,0,0,0.0656,0.9978,0,0,0.3345,0,1]},{"frame":12,"values":[1,0,0,0,0,0.9978,-0.0656,0,0,0.0656,0.9978,0,0,0.3345,0,1]},{"frame":13,"values":[1,0,0,0,0,0.9978,-0.0656,0,0,0.0656,0.9978,0,0,0.3345,0,1]},{"frame":14,"values":[1,0,0,0,0,0.9978,-0.0656,0,0,0.0656,0.9978,0,0,0.3345,0,1]},{"frame":15,"values":[1,0,0,0,0,0.9978,-0.0656,0,0,0.0656,0.9978,0,0,0.3345,0,1]},{"frame":16,"values":[1,0,0,0,0,0.9978,-0.0656,0,0,0.0656,0.9978,0,0,0.3345,0,1]},{"frame":17,"values":[1,0,0,0,0,0.9978,-0.0656,0,0,0.0656,0.9978,0,0,0.3345,0,1]},{"frame":18,"values":[1,0,0,0,0,0.9978,-0.0656,0,0,0.0656,0.9978,0,0,0.3345,0,1]},{"frame":19,"values":[1,0,0,0,0,0.9978,-0.0656,0,0,0.0656,0.9978,0,0,0.3345,0,1]},{"frame":20,"values":[1,0,0,0,0,0.9978,-0.0656,0,0,0.0656,0.9978,0,0,0.3345,0,1]},{"frame":21,"values":[1,0,0,0,0,0.9978,-0.0656,0,0,0.0656,0.9978,0,0,0.3345,0,1]},{"frame":22,"values":[1,0,0,0,0,0.9978,-0.0656,0,0,0.0656,0.9978,0,0,0.3345,0,1]},{"frame":23,"values":[1,0,0,0,0,0.9978,-0.0656,0,0,0.0656,0.9978,0,0,0.3345,0,1]},{"frame":24,"values":[1,0,0,0,0,0.9978,-0.0656,0,0,0.0656,0.9978,0,0,0.3345,0,1]},{"frame":25,"values":[1,0,0,0,0,0.9978,-0.0656,0,0,0.0656,0.9978,0,0,0.3345,0,1]},{"frame":26,"values":[1,0,0,0,0,0.9978,-0.0656,0,0,0.0656,0.9978,0,0,0.3345,0,1]},{"frame":27,"values":[1,0,0,0,0,0.9978,-0.0656,0,0,0.0656,0.9978,0,0,0.3345,0,1]},{"frame":28,"values":[1,0,0,0,0,0.9978,-0.0656,0,0,0.0656,0.9978,0,0,0.3345,0,1]},{"frame":29,"values":[1,0,0,0,0,0.9978,-0.0656,0,0,0.0656,0.9978,0,0,0.3345,0,1]},{"frame":30,"values":[1,0,0,0,0,0.9978,-0.0656,0,0,0.0656,0.9978,0,0,0.3345,0,1]},{"frame":31,"values":[1,0,0,0,0,0.9978,-0.0656,0,0,0.0656,0.9978,0,0,0.3345,0,1]},{"frame":32,"values":[1,0,0,0,0,0.9978,-0.0656,0,0,0.0656,0.9978,0,0,0.3345,0,1]},{"frame":33,"values":[1,0,0,0,0,0.9978,-0.0656,0,0,0.0656,0.9978,0,0,0.3345,0,1]},{"frame":34,"values":[1,0,0,0,0,0.9978,-0.0656,0,0,0.0656,0.9978,0,0,0.3345,0,1]},{"frame":35,"values":[1,0,0,0,0,0.9978,-0.0656,0,0,0.0656,0.9978,0,0,0.3345,0,1]},{"frame":36,"values":[1,0,0,0,0,0.9978,-0.0656,0,0,0.0656,0.9978,0,0,0.3345,0,1]},{"frame":37,"values":[1,0,0,0,0,0.9978,-0.0656,0,0,0.0656,0.9978,0,0,0.3345,0,1]},{"frame":38,"values":[1,0,0,0,0,0.9978,-0.0656,0,0,0.0656,0.9978,0,0,0.3345,0,1]},{"frame":39,"values":[1,0,0,0,0,0.9978,-0.0656,0,0,0.0656,0.9978,0,0,0.3345,0,1]},{"frame":40,"values":[1,0,0,0,0,0.9978,-0.0656,0,0,0.0656,0.9978,0,0,0.3345,0,1]},{"frame":41,"values":[1,0,0,0,0,0.9978,-0.0656,0,0,0.0656,0.9978,0,0,0.3345,0,1]},{"frame":42,"values":[1,0,0,0,0,0.9978,-0.0656,0,0,0.0656,0.9978,0,0,0.3345,0,1]},{"frame":43,"values":[1,0,0,0,0,0.9978,-0.0656,0,0,0.0656,0.9978,0,0,0.3345,0,1]},{"frame":44,"values":[1,0,0,0,0,0.9978,-0.0656,0,0,0.0656,0.9978,0,0,0.3345,0,1]},{"frame":45,"values":[1,0,0,0,0,0.9978,-0.0656,0,0,0.0656,0.9978,0,0,0.3345,0,1]},{"frame":46,"values":[1,0,0,0,0,0.9978,-0.0656,0,0,0.0656,0.9978,0,0,0.3345,0,1]},{"frame":47,"values":[1,0,0,0,0,0.9978,-0.0656,0,0,0.0656,0.9978,0,0,0.3345,0,1]},{"frame":48,"values":[1,0,0,0,0,0.9978,-0.0656,0,0,0.0656,0.9978,0,0,0.3345,0,1]},{"frame":49,"values":[1,0,0,0,0,0.9978,-0.0656,0,0,0.0656,0.9978,0,0,0.3345,0,1]},{"frame":50,"values":[1,0,0,0,0,0.9978,-0.0656,0,0,0.0656,0.9978,0,0,0.3345,0,1]},{"frame":51,"values":[1,0,0,0,0,0.9978,-0.0656,0,0,0.0656,0.9978,0,0,0.3345,0,1]},{"frame":52,"values":[1,0,0,0,0,0.9978,-0.0656,0,0,0.0656,0.9978,0,0,0.3345,0,1]},{"frame":53,"values":[1,0,0,0,0,0.9978,-0.0656,0,0,0.0656,0.9978,0,0,0.3345,0,1]},{"frame":54,"values":[1,0,0,0,0,0.9978,-0.0656,0,0,0.0656,0.9978,0,0,0.3345,0,1]},{"frame":55,"values":[1,0,0,0,0,0.9978,-0.0656,0,0,0.0656,0.9978,0,0,0.3345,0,1]},{"frame":56,"values":[1,0,0,0,0,0.9978,-0.0656,0,0,0.0656,0.9978,0,0,0.3345,0,1]},{"frame":57,"values":[1,0,0,0,0,0.9978,-0.0656,0,0,0.0656,0.9978,0,0,0.3345,0,1]},{"frame":58,"values":[1,0,0,0,0,0.9978,-0.0656,0,0,0.0656,0.9978,0,0,0.3345,0,1]},{"frame":59,"values":[1,0,0,0,0,0.9978,-0.0656,0,0,0.0656,0.9978,0,0,0.3345,0,1]},{"frame":60,"values":[1,0,0,0,0,0.9978,-0.0656,0,0,0.0656,0.9978,0,0,0.3345,0,1]},{"frame":61,"values":[1,0,0,0,0,0.9978,-0.0656,0,0,0.0656,0.9978,0,0,0.3345,0,1]},{"frame":62,"values":[1,0,0,0,0,0.9978,-0.0656,0,0,0.0656,0.9978,0,0,0.3345,0,1]},{"frame":63,"values":[1,0,0,0,0,0.9978,-0.0656,0,0,0.0656,0.9978,0,0,0.3345,0,1]},{"frame":64,"values":[1,0,0,0,0,0.9978,-0.0656,0,0,0.0656,0.9978,0,0,0.3345,0,1]},{"frame":65,"values":[1,0,0,0,0,0.9978,-0.0656,0,0,0.0656,0.9978,0,0,0.3345,0,1]},{"frame":66,"values":[1,0,0,0,0,0.9978,-0.0656,0,0,0.0656,0.9978,0,0,0.3345,0,1]},{"frame":67,"values":[1,0,0,0,0,0.9978,-0.0656,0,0,0.0656,0.9978,0,0,0.3345,0,1]},{"frame":68,"values":[1,0,0,0,0,0.9978,-0.0656,0,0,0.0656,0.9978,0,0,0.3345,0,1]},{"frame":69,"values":[1,0,0,0,0,0.9978,-0.0656,0,0,0.0656,0.9978,0,0,0.3345,0,1]},{"frame":70,"values":[1,0,0,0,0,0.9978,-0.0656,0,0,0.0656,0.9978,0,0,0.3345,0,1]},{"frame":71,"values":[1,0,0,0,0,0.9978,-0.0656,0,0,0.0656,0.9978,0,0,0.3345,0,1]},{"frame":72,"values":[1,0,0,0,0,0.9978,-0.0656,0,0,0.0656,0.9978,0,0,0.3345,0,1]},{"frame":73,"values":[1,0,0,0,0,0.9978,-0.0656,0,0,0.0656,0.9978,0,0,0.3345,0,1]},{"frame":74,"values":[1,0,0,0,0,0.9978,-0.0656,0,0,0.0656,0.9978,0,0,0.3345,0,1]},{"frame":75,"values":[1,0,0,0,0,0.9978,-0.0656,0,0,0.0656,0.9978,0,0,0.3345,0,1]},{"frame":76,"values":[1,0,0,0,0,0.9978,-0.0656,0,0,0.0656,0.9978,0,0,0.3345,0,1]},{"frame":77,"values":[1,0,0,0,0,0.9978,-0.0656,0,0,0.0656,0.9978,0,0,0.3345,0,1]},{"frame":78,"values":[1,0,0,0,0,0.9978,-0.0656,0,0,0.0656,0.9978,0,0,0.3345,0,1]},{"frame":79,"values":[1,0,0,0,0,0.9978,-0.0656,0,0,0.0656,0.9978,0,0,0.3345,0,1]},{"frame":80,"values":[1,0,0,0,0,0.9978,-0.0656,0,0,0.0656,0.9978,0,0,0.3345,0,1]}],"loopBehavior":1,"name":"anim","property":"_matrix"}},
{"name":"Hand.L","index":6,"matrix":[1,0,0,0,0,0.9914,-0.1308,0,0,0.1308,0.9914,0,0,0.1711,0,1],"parentBoneIndex":5,"animation":{"dataType":3,"framePerSecond":24,"keys":[{"frame":0,"values":[1,0,0,0,0,0.9914,-0.1308,0,0,0.1308,0.9914,0,0,0.1711,0,1]},{"frame":1,"values":[1,0,0,0,0,0.9914,-0.1308,0,0,0.1308,0.9914,0,0,0.1711,0,1]},{"frame":2,"values":[1,0,0,0,0,0.9914,-0.1308,0,0,0.1308,0.9914,0,0,0.1711,0,1]},{"frame":3,"values":[1,0,0,0,0,0.9914,-0.1308,0,0,0.1308,0.9914,0,0,0.1711,0,1]},{"frame":4,"values":[1,0,0,0,0,0.9914,-0.1308,0,0,0.1308,0.9914,0,0,0.1711,0,1]},{"frame":5,"values":[1,0,0,0,0,0.9914,-0.1308,0,0,0.1308,0.9914,0,0,0.1711,0,1]},{"frame":6,"values":[1,0,0,0,0,0.9914,-0.1308,0,0,0.1308,0.9914,0,0,0.1711,0,1]},{"frame":7,"values":[1,0,0,0,0,0.9914,-0.1308,0,0,0.1308,0.9914,0,0,0.1711,0,1]},{"frame":8,"values":[1,0,0,0,0,0.9914,-0.1308,0,0,0.1308,0.9914,0,0,0.1711,0,1]},{"frame":9,"values":[1,0,0,0,0,0.9914,-0.1308,0,0,0.1308,0.9914,0,0,0.1711,0,1]},{"frame":10,"values":[1,0,0,0,0,0.9914,-0.1308,0,0,0.1308,0.9914,0,0,0.1711,0,1]},{"frame":11,"values":[1,0,0,0,0,0.9914,-0.1308,0,0,0.1308,0.9914,0,0,0.1711,0,1]},{"frame":12,"values":[1,0,0,0,0,0.9914,-0.1308,0,0,0.1308,0.9914,0,0,0.1711,0,1]},{"frame":13,"values":[1,0,0,0,0,0.9914,-0.1308,0,0,0.1308,0.9914,0,0,0.1711,0,1]},{"frame":14,"values":[1,0,0,0,0,0.9914,-0.1308,0,0,0.1308,0.9914,0,0,0.1711,0,1]},{"frame":15,"values":[1,0,0,0,0,0.9914,-0.1308,0,0,0.1308,0.9914,0,0,0.1711,0,1]},{"frame":16,"values":[1,0,0,0,0,0.9914,-0.1308,0,0,0.1308,0.9914,0,0,0.1711,0,1]},{"frame":17,"values":[1,0,0,0,0,0.9914,-0.1308,0,0,0.1308,0.9914,0,0,0.1711,0,1]},{"frame":18,"values":[1,0,0,0,0,0.9914,-0.1308,0,0,0.1308,0.9914,0,0,0.1711,0,1]},{"frame":19,"values":[1,0,0,0,0,0.9914,-0.1308,0,0,0.1308,0.9914,0,0,0.1711,0,1]},{"frame":20,"values":[1,0,0,0,0,0.9914,-0.1308,0,0,0.1308,0.9914,0,0,0.1711,0,1]},{"frame":21,"values":[1,0,0,0,0,0.9914,-0.1308,0,0,0.1308,0.9914,0,0,0.1711,0,1]},{"frame":22,"values":[1,0,0,0,0,0.9914,-0.1308,0,0,0.1308,0.9914,0,0,0.1711,0,1]},{"frame":23,"values":[1,0,0,0,0,0.9914,-0.1308,0,0,0.1308,0.9914,0,0,0.1711,0,1]},{"frame":24,"values":[1,0,0,0,0,0.9914,-0.1308,0,0,0.1308,0.9914,0,0,0.1711,0,1]},{"frame":25,"values":[1,0,0,0,0,0.9914,-0.1308,0,0,0.1308,0.9914,0,0,0.1711,0,1]},{"frame":26,"values":[1,0,0,0,0,0.9914,-0.1308,0,0,0.1308,0.9914,0,0,0.1711,0,1]},{"frame":27,"values":[1,0,0,0,0,0.9914,-0.1308,0,0,0.1308,0.9914,0,0,0.1711,0,1]},{"frame":28,"values":[1,0,0,0,0,0.9914,-0.1308,0,0,0.1308,0.9914,0,0,0.1711,0,1]},{"frame":29,"values":[1,0,0,0,0,0.9914,-0.1308,0,0,0.1308,0.9914,0,0,0.1711,0,1]},{"frame":30,"values":[1,0,0,0,0,0.9914,-0.1308,0,0,0.1308,0.9914,0,0,0.1711,0,1]},{"frame":31,"values":[1,0,0,0,0,0.9914,-0.1308,0,0,0.1308,0.9914,0,0,0.1711,0,1]},{"frame":32,"values":[1,0,0,0,0,0.9914,-0.1308,0,0,0.1308,0.9914,0,0,0.1711,0,1]},{"frame":33,"values":[1,0,0,0,0,0.9914,-0.1308,0,0,0.1308,0.9914,0,0,0.1711,0,1]},{"frame":34,"values":[1,0,0,0,0,0.9914,-0.1308,0,0,0.1308,0.9914,0,0,0.1711,0,1]},{"frame":35,"values":[1,0,0,0,0,0.9914,-0.1308,0,0,0.1308,0.9914,0,0,0.1711,0,1]},{"frame":36,"values":[1,0,0,0,0,0.9914,-0.1308,0,0,0.1308,0.9914,0,0,0.1711,0,1]},{"frame":37,"values":[1,0,0,0,0,0.9914,-0.1308,0,0,0.1308,0.9914,0,0,0.1711,0,1]},{"frame":38,"values":[1,0,0,0,0,0.9914,-0.1308,0,0,0.1308,0.9914,0,0,0.1711,0,1]},{"frame":39,"values":[1,0,0,0,0,0.9914,-0.1308,0,0,0.1308,0.9914,0,0,0.1711,0,1]},{"frame":40,"values":[1,0,0,0,0,0.9914,-0.1308,0,0,0.1308,0.9914,0,0,0.1711,0,1]},{"frame":41,"values":[1,0,0,0,0,0.9914,-0.1308,0,0,0.1308,0.9914,0,0,0.1711,0,1]},{"frame":42,"values":[1,0,0,0,0,0.9914,-0.1308,0,0,0.1308,0.9914,0,0,0.1711,0,1]},{"frame":43,"values":[1,0,0,0,0,0.9914,-0.1308,0,0,0.1308,0.9914,0,0,0.1711,0,1]},{"frame":44,"values":[1,0,0,0,0,0.9914,-0.1308,0,0,0.1308,0.9914,0,0,0.1711,0,1]},{"frame":45,"values":[1,0,0,0,0,0.9914,-0.1308,0,0,0.1308,0.9914,0,0,0.1711,0,1]},{"frame":46,"values":[1,0,0,0,0,0.9914,-0.1308,0,0,0.1308,0.9914,0,0,0.1711,0,1]},{"frame":47,"values":[1,0,0,0,0,0.9914,-0.1308,0,0,0.1308,0.9914,0,0,0.1711,0,1]},{"frame":48,"values":[1,0,0,0,0,0.9914,-0.1308,0,0,0.1308,0.9914,0,0,0.1711,0,1]},{"frame":49,"values":[1,0,0,0,0,0.9914,-0.1308,0,0,0.1308,0.9914,0,0,0.1711,0,1]},{"frame":50,"values":[1,0,0,0,0,0.9914,-0.1308,0,0,0.1308,0.9914,0,0,0.1711,0,1]},{"frame":51,"values":[1,0,0,0,0,0.9914,-0.1308,0,0,0.1308,0.9914,0,0,0.1711,0,1]},{"frame":52,"values":[1,0,0,0,0,0.9914,-0.1308,0,0,0.1308,0.9914,0,0,0.1711,0,1]},{"frame":53,"values":[1,0,0,0,0,0.9914,-0.1308,0,0,0.1308,0.9914,0,0,0.1711,0,1]},{"frame":54,"values":[1,0,0,0,0,0.9914,-0.1308,0,0,0.1308,0.9914,0,0,0.1711,0,1]},{"frame":55,"values":[1,0,0,0,0,0.9914,-0.1308,0,0,0.1308,0.9914,0,0,0.1711,0,1]},{"frame":56,"values":[1,0,0,0,0,0.9914,-0.1308,0,0,0.1308,0.9914,0,0,0.1711,0,1]},{"frame":57,"values":[1,0,0,0,0,0.9914,-0.1308,0,0,0.1308,0.9914,0,0,0.1711,0,1]},{"frame":58,"values":[1,0,0,0,0,0.9914,-0.1308,0,0,0.1308,0.9914,0,0,0.1711,0,1]},{"frame":59,"values":[1,0,0,0,0,0.9914,-0.1308,0,0,0.1308,0.9914,0,0,0.1711,0,1]},{"frame":60,"values":[1,0,0,0,0,0.9914,-0.1308,0,0,0.1308,0.9914,0,0,0.1711,0,1]},{"frame":61,"values":[1,0,0,0,0,0.9914,-0.1308,0,0,0.1308,0.9914,0,0,0.1711,0,1]},{"frame":62,"values":[1,0,0,0,0,0.9914,-0.1308,0,0,0.1308,0.9914,0,0,0.1711,0,1]},{"frame":63,"values":[1,0,0,0,0,0.9914,-0.1308,0,0,0.1308,0.9914,0,0,0.1711,0,1]},{"frame":64,"values":[1,0,0,0,0,0.9914,-0.1308,0,0,0.1308,0.9914,0,0,0.1711,0,1]},{"frame":65,"values":[1,0,0,0,0,0.9914,-0.1308,0,0,0.1308,0.9914,0,0,0.1711,0,1]},{"frame":66,"values":[1,0,0,0,0,0.9914,-0.1308,0,0,0.1308,0.9914,0,0,0.1711,0,1]},{"frame":67,"values":[1,0,0,0,0,0.9914,-0.1308,0,0,0.1308,0.9914,0,0,0.1711,0,1]},{"frame":68,"values":[1,0,0,0,0,0.9914,-0.1308,0,0,0.1308,0.9914,0,0,0.1711,0,1]},{"frame":69,"values":[1,0,0,0,0,0.9914,-0.1308,0,0,0.1308,0.9914,0,0,0.1711,0,1]},{"frame":70,"values":[1,0,0,0,0,0.9914,-0.1308,0,0,0.1308,0.9914,0,0,0.1711,0,1]},{"frame":71,"values":[1,0,0,0,0,0.9914,-0.1308,0,0,0.1308,0.9914,0,0,0.1711,0,1]},{"frame":72,"values":[1,0,0,0,0,0.9914,-0.1308,0,0,0.1308,0.9914,0,0,0.1711,0,1]},{"frame":73,"values":[1,0,0,0,0,0.9914,-0.1308,0,0,0.1308,0.9914,0,0,0.1711,0,1]},{"frame":74,"values":[1,0,0,0,0,0.9914,-0.1308,0,0,0.1308,0.9914,0,0,0.1711,0,1]},{"frame":75,"values":[1,0,0,0,0,0.9914,-0.1308,0,0,0.1308,0.9914,0,0,0.1711,0,1]},{"frame":76,"values":[1,0,0,0,0,0.9914,-0.1308,0,0,0.1308,0.9914,0,0,0.1711,0,1]},{"frame":77,"values":[1,0,0,0,0,0.9914,-0.1308,0,0,0.1308,0.9914,0,0,0.1711,0,1]},{"frame":78,"values":[1,0,0,0,0,0.9914,-0.1308,0,0,0.1308,0.9914,0,0,0.1711,0,1]},{"frame":79,"values":[1,0,0,0,0,0.9914,-0.1308,0,0,0.1308,0.9914,0,0,0.1711,0,1]},{"frame":80,"values":[1,0,0,0,0,0.9914,-0.1308,0,0,0.1308,0.9914,0,0,0.1711,0,1]}],"loopBehavior":1,"name":"anim","property":"_matrix"}},
{"name":"Chest.R","index":7,"matrix":[0,0,1,0,0.8913,-0.4535,0,0,0.4535,0.8913,0,0,0,0.3048,0,1],"parentBoneIndex":2,"animation":{"dataType":3,"framePerSecond":24,"keys":[{"frame":0,"values":[0,0,1,0,0.8913,-0.4535,0,0,0.4535,0.8913,0,0,0,0.3048,0,1]},{"frame":80,"values":[0,0,1,0,0.8913,-0.4535,0,0,0.4535,0.8913,0,0,0,0.3048,0,1]}],"loopBehavior":1,"name":"anim","property":"_matrix"}},
{"name":"Shoulder.R","index":8,"matrix":[0.7135,0.4505,-0.5366,0,-0.5778,0.8115,-0.087,0,0.3963,0.3721,0.8393,0,0,0.3361,0,1],"parentBoneIndex":7,"animation":{"dataType":3,"framePerSecond":24,"keys":[{"frame":0,"values":[0.7135,0.4505,-0.5366,0,-0.5778,0.8115,-0.087,0,0.3963,0.3721,0.8393,0,0,0.3361,0,1]},{"frame":1,"values":[0.7148,0.4499,-0.5355,0,-0.577,0.812,-0.0879,0,0.3952,0.3718,0.84,0,0,0.3361,0,1]},{"frame":2,"values":[0.7188,0.448,-0.5317,0,-0.5743,0.8136,-0.091,0,0.3918,0.3708,0.8421,0,0,0.3361,0,1]},{"frame":3,"values":[0.7263,0.4443,-0.5245,0,-0.5693,0.8164,-0.0967,0,0.3853,0.3688,0.8459,0,0,0.3361,0,1]},{"frame":4,"values":[0.7376,0.4386,-0.5134,0,-0.5614,0.8208,-0.1053,0,0.3752,0.3658,0.8517,0,0,0.3361,0,1]},{"frame":5,"values":[0.7529,0.4306,-0.4976,0,-0.5502,0.8268,-0.117,0,0.3611,0.3619,0.8595,0,0,0.3361,0,1]},{"frame":6,"values":[0.7719,0.4202,-0.4771,0,-0.5355,0.8342,-0.1316,0,0.3427,0.3571,0.8689,0,0,0.3361,0,1]},{"frame":7,"values":[0.7937,0.4073,-0.4518,0,-0.5172,0.8429,-0.1486,0,0.3203,0.3516,0.8796,0,0,0.3361,0,1]},{"frame":8,"values":[0.8172,0.3923,-0.4223,0,-0.4956,0.8523,-0.1672,0,0.2943,0.3459,0.8909,0,0,0.3361,0,1]},{"frame":9,"values":[0.8413,0.3754,-0.389,0,-0.4709,0.8622,-0.1866,0,0.2653,0.3402,0.9022,0,0,0.3361,0,1]},{"frame":10,"values":[0.8651,0.3568,-0.3526,0,-0.4438,0.8721,-0.2061,0,0.234,0.3348,0.9128,0,0,0.3361,0,1]},{"frame":11,"values":[0.8889,0.336,-0.3115,0,-0.4128,0.8823,-0.2261,0,0.1989,0.3296,0.9229,0,0,0.3361,0,1]},{"frame":12,"values":[0.9131,0.3114,-0.2632,0,-0.3758,0.8931,-0.2473,0,0.1581,0.3247,0.9325,0,0,0.3361,0,1]},{"frame":13,"values":[0.9366,0.2827,-0.2069,0,-0.3322,0.9041,-0.2689,0,0.111,0.3206,0.9407,0,0,0.3361,0,1]},{"frame":14,"values":[0.9578,0.2498,-0.1423,0,-0.2816,0.9147,-0.2898,0,0.0577,0.3176,0.9465,0,0,0.3361,0,1]},{"frame":15,"values":[0.9745,0.2132,-0.0703,0,-0.2245,0.9243,-0.3087,0,-0.0008,0.3166,0.9486,0,0,0.3361,0,1]},{"frame":16,"values":[0.9847,0.1739,0.007,0,-0.1623,0.9321,-0.3239,0,-0.0629,0.3178,0.9461,0,0,0.3361,0,1]},{"frame":17,"values":[0.9873,0.1332,0.0869,0,-0.0971,0.9374,-0.3344,0,-0.126,0.3217,0.9384,0,0,0.3361,0,1]},{"frame":18,"values":[0.9817,0.0928,0.1664,0,-0.0313,0.94,-0.3396,0,-0.1879,0.3282,0.9257,0,0,0.3361,0,1]},{"frame":19,"values":[0.9685,0.0538,0.2431,0,0.033,0.94,-0.3395,0,-0.2468,0.3369,0.9086,0,0,0.3361,0,1]},{"frame":20,"values":[0.9488,0.017,0.3154,0,0.0944,0.9376,-0.3347,0,-0.3014,0.3474,0.888,0,0,0.3361,0,1]},{"frame":21,"values":[0.9225,-0.0187,0.3855,0,0.1549,0.9328,-0.3254,0,-0.3535,0.3599,0.8634,0,0,0.3361,0,1]},{"frame":22,"values":[0.8885,-0.0544,0.4557,0,0.2162,0.9255,-0.311,0,-0.4049,0.3748,0.834,0,0,0.3361,0,1]},{"frame":23,"values":[0.8468,-0.0893,0.5243,0,0.2771,0.9156,-0.2915,0,-0.454,0.3921,0.8001,0,0,0.3361,0,1]},{"frame":24,"values":[0.7985,-0.1224,0.5894,0,0.3357,0.9032,-0.2673,0,-0.4997,0.4113,0.7623,0,0,0.3361,0,1]},{"frame":25,"values":[0.7453,-0.1527,0.649,0,0.3905,0.889,-0.2393,0,-0.5404,0.4317,0.7222,0,0,0.3361,0,1]},{"frame":26,"values":[0.6897,-0.1795,0.7015,0,0.4397,0.8735,-0.2088,0,-0.5753,0.4525,0.6814,0,0,0.3361,0,1]},{"frame":27,"values":[0.634,-0.2023,0.7464,0,0.4827,0.8576,-0.1776,0,-0.6042,0.4729,0.6413,0,0,0.3361,0,1]},{"frame":28,"values":[0.5802,-0.2213,0.7839,0,0.5194,0.8419,-0.1467,0,-0.6274,0.4922,0.6034,0,0,0.3361,0,1]},{"frame":29,"values":[0.5294,-0.237,0.8146,0,0.5502,0.8268,-0.117,0,-0.6458,0.5101,0.5681,0,0,0.3361,0,1]},{"frame":30,"values":[0.4823,-0.2497,0.8396,0,0.5759,0.8126,-0.0892,0,-0.66,0.5266,0.5358,0,0,0.3361,0,1]},{"frame":31,"values":[0.4366,-0.2606,0.8611,0,0.5986,0.7987,-0.0618,0,-0.6716,0.5424,0.5047,0,0,0.3361,0,1]},{"frame":32,"values":[0.3907,-0.2702,0.8799,0,0.6191,0.7846,-0.034,0,-0.6812,0.5581,0.4739,0,0,0.3361,0,1]},{"frame":33,"values":[0.3461,-0.2784,0.896,0,0.6372,0.7707,-0.0067,0,-0.6886,0.5732,0.4441,0,0,0.3361,0,1]},{"frame":34,"values":[0.3045,-0.285,0.9089,0,0.6524,0.7576,0.019,0,-0.694,0.5872,0.4166,0,0,0.3361,0,1]},{"frame":35,"values":[0.2679,-0.29,0.9188,0,0.6646,0.746,0.0417,0,-0.6975,0.5994,0.3926,0,0,0.3361,0,1]},{"frame":36,"values":[0.2377,-0.2936,0.9259,0,0.6738,0.7365,0.0605,0,-0.6997,0.6094,0.3729,0,0,0.3361,0,1]},{"frame":37,"values":[0.215,-0.296,0.9307,0,0.6802,0.7292,0.0748,0,-0.7008,0.617,0.3581,0,0,0.3361,0,1]},{"frame":38,"values":[0.1996,-0.2975,0.9336,0,0.6843,0.7243,0.0845,0,-0.7013,0.622,0.3481,0,0,0.3361,0,1]},{"frame":39,"values":[0.191,-0.2983,0.9352,0,0.6866,0.7215,0.09,0,-0.7016,0.6249,0.3426,0,0,0.3361,0,1]},{"frame":40,"values":[0.1883,-0.2986,0.9356,0,0.6872,0.7206,0.0916,0,-0.7016,0.6257,0.3409,0,0,0.3361,0,1]},{"frame":41,"values":[0.1924,-0.2982,0.9349,0,0.6862,0.722,0.089,0,-0.7015,0.6244,0.3435,0,0,0.3361,0,1]},{"frame":42,"values":[0.2055,-0.297,0.9325,0,0.6828,0.7261,0.0808,0,-0.7011,0.6201,0.352,0,0,0.3361,0,1]},{"frame":43,"values":[0.2282,-0.2947,0.928,0,0.6765,0.7334,0.0665,0,-0.7002,0.6126,0.3667,0,0,0.3361,0,1]},{"frame":44,"values":[0.2606,-0.2909,0.9206,0,0.6669,0.7437,0.0462,0,-0.6981,0.6018,0.3878,0,0,0.3361,0,1]},{"frame":45,"values":[0.3019,-0.2853,0.9096,0,0.6533,0.7568,0.0206,0,-0.6943,0.5881,0.4149,0,0,0.3361,0,1]},{"frame":46,"values":[0.3498,-0.2778,0.8947,0,0.6358,0.7718,-0.0089,0,-0.6881,0.572,0.4465,0,0,0.3361,0,1]},{"frame":47,"values":[0.4014,-0.2681,0.8758,0,0.6145,0.7879,-0.0405,0,-0.6791,0.5544,0.481,0,0,0.3361,0,1]},{"frame":48,"values":[0.4539,-0.2567,0.8533,0,0.5903,0.804,-0.0721,0,-0.6675,0.5364,0.5164,0,0,0.3361,0,1]},{"frame":49,"values":[0.5048,-0.2439,0.8281,0,0.564,0.8194,-0.1025,0,-0.6536,0.5188,0.5511,0,0,0.3361,0,1]},{"frame":50,"values":[0.5526,-0.2301,0.8011,0,0.5365,0.8337,-0.1306,0,-0.6378,0.502,0.5842,0,0,0.3361,0,1]},{"frame":51,"values":[0.5995,-0.2148,0.771,0,0.5067,0.8476,-0.1578,0,-0.6196,0.4853,0.6169,0,0,0.3361,0,1]},{"frame":52,"values":[0.648,-0.1969,0.7358,0,0.4724,0.8616,-0.1855,0,-0.5975,0.4678,0.6513,0,0,0.3361,0,1]},{"frame":53,"values":[0.6973,-0.176,0.6948,0,0.4334,0.8757,-0.2131,0,-0.5709,0.4497,0.6869,0,0,0.3361,0,1]},{"frame":54,"values":[0.7467,-0.152,0.6476,0,0.3892,0.8894,-0.24,0,-0.5395,0.4312,0.7232,0,0,0.3361,0,1]},{"frame":55,"values":[0.7949,-0.1247,0.5938,0,0.3398,0.9023,-0.2654,0,-0.5027,0.4127,0.7596,0,0,0.3361,0,1]},{"frame":56,"values":[0.8405,-0.094,0.5336,0,0.2853,0.914,-0.2884,0,-0.4606,0.3947,0.7951,0,0,0.3361,0,1]},{"frame":57,"values":[0.8822,-0.0602,0.4671,0,0.2262,0.9241,-0.3082,0,-0.4131,0.3775,0.8288,0,0,0.3361,0,1]},{"frame":58,"values":[0.9183,-0.0236,0.3951,0,0.1632,0.932,-0.3237,0,-0.3606,0.3618,0.8597,0,0,0.3361,0,1]},{"frame":59,"values":[0.9476,0.0152,0.319,0,0.0976,0.9374,-0.3344,0,-0.3041,0.348,0.8868,0,0,0.3361,0,1]},{"frame":60,"values":[0.9691,0.0552,0.2403,0,0.0306,0.9401,-0.3396,0,-0.2446,0.3365,0.9094,0,0,0.3361,0,1]},{"frame":61,"values":[0.9824,0.0957,0.1607,0,-0.036,0.9399,-0.3394,0,-0.1835,0.3276,0.9268,0,0,0.3361,0,1]},{"frame":62,"values":[0.9873,0.1356,0.0822,0,-0.1009,0.9372,-0.334,0,-0.1223,0.3214,0.939,0,0,0.3361,0,1]},{"frame":63,"values":[0.9847,0.1742,0.0065,0,-0.1627,0.932,-0.3238,0,-0.0624,0.3178,0.9461,0,0,0.3361,0,1]},{"frame":64,"values":[0.9754,0.2106,-0.0651,0,-0.2204,0.9249,-0.3098,0,-0.005,0.3166,0.9486,0,0,0.3361,0,1]},{"frame":65,"values":[0.9607,0.2444,-0.1316,0,-0.2732,0.9163,-0.2929,0,0.049,0.3173,0.947,0,0,0.3361,0,1]},{"frame":66,"values":[0.9419,0.2753,-0.1923,0,-0.3209,0.9066,-0.2739,0,0.0989,0.3197,0.9423,0,0,0.3361,0,1]},{"frame":67,"values":[0.9204,0.3031,-0.247,0,-0.3634,0.8964,-0.2538,0,0.1445,0.3234,0.9352,0,0,0.3361,0,1]},{"frame":68,"values":[0.8971,0.328,-0.2959,0,-0.4009,0.8859,-0.2333,0,0.1857,0.3279,0.9263,0,0,0.3361,0,1]},{"frame":69,"values":[0.8731,0.3501,-0.3392,0,-0.4337,0.8756,-0.2128,0,0.2225,0.333,0.9163,0,0,0.3361,0,1]},{"frame":70,"values":[0.8492,0.3694,-0.3773,0,-0.4623,0.8655,-0.193,0,0.2553,0.3383,0.9057,0,0,0.3361,0,1]},{"frame":71,"values":[0.8252,0.3869,-0.4116,0,-0.4877,0.8556,-0.1736,0,0.285,0.344,0.8947,0,0,0.3361,0,1]},{"frame":72,"values":[0.8011,0.4027,-0.4428,0,-0.5106,0.8458,-0.1544,0,0.3123,0.3498,0.8832,0,0,0.3361,0,1]},{"frame":73,"values":[0.7781,0.4166,-0.4701,0,-0.5304,0.8367,-0.1365,0,0.3365,0.3555,0.872,0,0,0.3361,0,1]},{"frame":74,"values":[0.7575,0.4282,-0.4928,0,-0.5467,0.8286,-0.1205,0,0.3567,0.3607,0.8618,0,0,0.3361,0,1]},{"frame":75,"values":[0.7405,0.4371,-0.5104,0,-0.5593,0.822,-0.1075,0,0.3725,0.3651,0.8532,0,0,0.3361,0,1]},{"frame":76,"values":[0.7278,0.4436,-0.523,0,-0.5682,0.817,-0.0978,0,0.3839,0.3684,0.8467,0,0,0.3361,0,1]},{"frame":77,"values":[0.7194,0.4477,-0.5311,0,-0.5739,0.8138,-0.0915,0,0.3912,0.3706,0.8424,0,0,0.3361,0,1]},{"frame":78,"values":[0.7149,0.4498,-0.5353,0,-0.5769,0.8121,-0.088,0,0.3951,0.3718,0.84,0,0,0.3361,0,1]},{"frame":79,"values":[0.7135,0.4505,-0.5366,0,-0.5778,0.8115,-0.087,0,0.3963,0.3721,0.8393,0,0,0.3361,0,1]},{"frame":80,"values":[0.7135,0.4505,-0.5366,0,-0.5778,0.8115,-0.087,0,0.3963,0.3721,0.8393,0,0,0.3361,0,1]}],"loopBehavior":1,"name":"anim","property":"_matrix"}},
